B01003_001E,B01003_001M,B00001_001E,B19301_001E,B19301_001M,B19013_001E,B19013_001M,B01002_001E,B01002_001M,B25001_001E,B25001_001M,B00002_001E,state,county,tract
4701,466,250,110593,18244,122455,24875,43.4,2.4,2921,101,160,11,001,000100
3598,707,247,8189,4893,119722,53241,19.4,0.3,80,35,6,11,001,000201
4080,534,310,68981,11718,119688,16420,27.6,1.8,1811,74,147,11,001,000202
5168,471,298,64619,10699,91804,16535,33.2,3.4,2745,80,156,11,001,000300
1379,167,108,121093,27132,176494,23490,41.4,3.9,692,37,57,11,001,000400
3126,233,210,74375,13808,92109,8410,33.1,1.9,1980,63,130,11,001,000501
3129,211,250,99444,18010,94598,15981,41.7,2.9,1750,61,145,11,001,000502
5420,842,341,81028,15047,110000,21628,49.6,6.6,2111,81,138,11,001,000600
4284,320,249,99808,19789,77019,8357,52.2,4.3,3335,91,190,11,001,000701
2899,406,157,44182,7121,56875,12178,30.5,2.5,2124,110,120,11,001,000702
6605,587,357,81262,12051,114098,8494,42.6,3.4,3494,84,198,11,001,000801
2786,209,226,85740,11432,109698,25006,41,1.9,1412,42,116,11,001,000802
7651,873,556,66514,11079,209931,48190,19.9,0.3,1661,72,140,11,001,000901
2278,257,195,96253,20310,162548,8078,40.5,4.6,898,22,78,11,001,000902
7977,638,464,57099,7111,136121,11090,36.5,2.8,2751,71,178,11,001,001001
3109,439,166,58894,13358,84310,18269,33.3,2.4,2196,86,115,11,001,001002
4315,349,360,88827,11761,154340,20817,41.8,2.2,1979,49,162,11,001,001100
4886,334,284,75019,9876,110625,30921,36.4,1.7,2430,117,155,11,001,001200
4369,446,255,74341,15512,101366,12630,38.5,2.3,2043,84,121,11,001,001301
6264,415,410,74290,6379,79223,6492,38.1,1.8,5001,117,312,11,001,001302
3401,206,279,72844,13300,103529,23322,40.2,3.2,1490,45,127,11,001,001401
3091,287,251,75575,14852,88194,33141,50.2,1.6,1437,79,112,11,001,001402
6169,414,372,79892,8834,180536,26164,45.3,3.7,2270,93,150,11,001,001500
4293,273,291,64230,7938,137434,15413,48.5,3.1,1752,29,132,11,001,001600
2830,365,152,39169,7025,60227,17392,39.8,2.8,1301,60,77,11,001,001701
2360,319,178,46493,9604,86979,13916,38.1,2.6,1139,57,91,11,001,001702
431,443,null,18053,3878,null,null,23.5,2,0,132,null,11,001,001801
2991,308,179,31333,4995,38821,6117,43.6,5.4,1665,37,102,11,001,001803
4344,461,245,22068,3396,35168,5556,37.2,2.5,1958,72,123,11,001,001804
5128,741,297,24294,3750,52031,24477,35.8,4.6,1653,33,115,11,001,001901
2383,177,143,28286,3993,63191,29686,45.3,3.5,887,30,63,11,001,001902
2720,337,149,44196,8313,38682,14729,46.4,6.7,1164,59,73,11,001,002001
3967,565,236,39087,7331,73500,23383,41.7,4.7,1456,72,96,11,001,002002
5084,513,344,21856,2442,44792,7561,34.7,2.2,2121,84,149,11,001,002101
4482,500,262,27594,3141,48875,13580,44.3,7.4,2272,72,128,11,001,002102
3305,469,189,27047,3318,68382,12671,36.8,6.3,1192,65,74,11,001,002201
3222,261,181,22114,3710,40253,8974,37.8,4.2,1463,63,93,11,001,002202
2907,335,190,31379,3662,74700,18928,39.5,4.5,1172,41,88,11,001,002301
2013,747,97,28835,9972,73826,22902,54.9,12.6,565,47,38,11,001,002302
3724,375,225,28097,2771,55486,13033,48.2,2.6,1364,59,96,11,001,002400
2272,370,142,33322,6992,51750,18086,42.6,3.6,1030,30,72,11,001,002501
5124,721,264,24796,4002,43971,11040,35,3.4,2031,61,127,11,001,002502
2348,171,178,72857,12935,140938,24975,48.5,4.7,1037,24,81,11,001,002600
5416,605,278,40658,5842,57985,8550,34.2,2.4,2790,95,148,11,001,002701
5834,603,304,49349,7964,95488,14429,34.6,3.8,2492,119,139,11,001,002702
3555,688,183,26798,5279,41458,9578,34.8,5.1,1622,64,99,11,001,002801
4163,627,227,23285,3876,39424,4823,32,1.6,1904,104,122,11,001,002802
4077,534,264,27680,4019,52857,10961,31.5,2,1647,58,124,11,001,002900
2779,293,185,33451,7215,43167,7467,31.1,1.5,1345,75,86,11,001,003000
2680,290,172,26366,4675,53007,16165,32.1,1.9,1051,71,72,11,001,003100
4509,709,269,25833,3015,48011,17170,34.5,3.9,1795,73,116,11,001,003200
3052,592,198,47682,17096,80873,7427,34.9,5.2,1390,35,92,11,001,003301
2055,213,154,39497,5956,79500,12842,33.4,2,949,56,77,11,001,003302
4794,732,283,13388,2905,25466,7725,20.4,1.6,1302,75,86,11,001,003400
2338,482,145,19574,4644,32227,16459,24.2,5.7,1033,55,65,11,001,003500
4487,722,266,29642,3760,41016,8144,35.9,4.6,1993,86,141,11,001,003600
4554,457,235,22327,2536,40066,5525,28.4,2.5,2298,88,128,11,001,003700
3975,470,205,53761,7181,72536,14012,36.3,0.9,2703,132,141,11,001,003800
4028,289,228,58419,4884,72825,6497,35.2,1.2,2898,91,167,11,001,003900
3477,334,213,77260,8624,101288,11321,37.8,1.8,2332,101,136,11,001,004001
2406,250,200,91672,18749,86818,17725,35.5,2.5,1707,102,138,11,001,004002
2821,314,225,88282,15356,91190,16707,43.9,4.1,1670,75,128,11,001,004100
3400,232,214,75304,13267,90735,13037,33.4,1.2,2141,63,141,11,001,004201
2447,347,198,83017,14123,88679,9890,33.9,2.7,1821,84,147,11,001,004202
2790,384,172,51202,8634,53583,18824,38.9,5.2,1999,101,121,11,001,004300
4005,384,229,65780,8262,97841,11437,35.6,1.4,2114,97,133,11,001,004400
2389,350,169,35382,6774,51319,14099,37.3,4.3,1267,93,94,11,001,004600
4990,643,233,18782,4604,15244,4639,31.5,7.7,2562,123,123,11,001,004700
1596,261,112,47629,10434,73814,23714,38.3,2.9,993,59,73,11,001,004801
3202,707,172,32375,10851,39796,2652,35.3,4,1345,85,89,11,001,004802
1658,268,98,38422,7755,49063,16262,38.7,3.8,956,51,57,11,001,004901
2594,278,181,49978,8197,66422,19011,29.3,1.8,1390,71,105,11,001,004902
7322,687,381,56137,7964,74282,12937,36.3,3.2,4541,154,245,11,001,005000
1186,208,92,58791,9398,53210,5122,33.8,2.2,1069,58,82,11,001,005100
4941,385,305,74141,8868,62854,6176,35.8,1.6,4077,123,240,11,001,005201
572,109,48,30573,5034,39000,14258,29.3,1.1,469,57,36,11,001,005202
5633,1546,261,64484,16655,85355,11408,40.1,7.6,3571,138,199,11,001,005301
167,74,15,86909,21462,109545,40673,41.6,16.5,155,33,14,11,001,005302
1236,194,121,68498,19464,52000,9080,27.8,3,1000,65,85,11,001,005401
0,132,null,null,null,null,null,null,null,0,132,null,11,001,005402
5273,468,325,73840,7139,88458,10325,35.7,1.6,3895,142,235,11,001,005500
4538,428,286,72601,10694,69929,9385,39.6,6.9,3797,120,217,11,001,005600
5809,822,415,6726,1547,13594,15102,19.8,0.2,1045,72,89,11,001,005701
0,132,null,null,null,null,null,null,null,0,132,null,11,001,005702
2168,206,189,96177,14374,107208,21326,34.7,2.6,1894,103,148,11,001,005800
3543,724,286,32617,7758,52130,12272,42.9,10.8,1513,113,124,11,001,005900
3643,374,200,53900,7228,62834,8985,35.9,4,2503,110,132,11,001,006001
594,225,36,2618,1354,5859,2033,25.5,2.4,171,58,11,11,001,006002
2561,328,151,55957,8335,71431,7000,45.1,9,1877,82,113,11,001,006100
473,103,39,84025,18806,97292,44723,37.3,11.2,314,61,24,11,001,006201
0,132,null,null,null,null,null,null,null,0,132,null,11,001,006202
4659,533,204,51583,8873,71209,10395,48.7,1.6,3178,92,158,11,001,006301
331,516,null,20807,135,null,null,22,2.2,0,132,null,11,001,006302
2051,254,112,19995,5866,18774,4632,38.3,3,1119,44,69,11,001,006400
2597,402,188,72742,6311,117083,16164,36.3,4.8,1525,106,112,11,001,006500
1836,262,152,72527,9331,91141,18854,35.6,3.2,1175,47,90,11,001,006600
4226,369,358,69242,7964,135573,10309,38.1,2.2,2004,61,168,11,001,006700
1688,233,106,45287,10869,64769,34120,39.1,6,1026,73,62,11,001,006801
2219,312,141,35293,4775,72885,23840,37,4,976,55,65,11,001,006802
2178,234,null,4667,1915,null,null,33.8,2.3,36,39,null,11,001,006804
2083,224,147,64938,22572,110865,22707,38.1,2.4,1124,33,80,11,001,006900
2356,361,190,65219,11815,87314,7559,33.6,3.9,1194,66,92,11,001,007000
3088,415,179,22767,3856,29063,10296,30.9,3,1269,55,83,11,001,007100
625,218,57,32305,10888,33911,9022,35.5,11.4,675,107,50,11,001,007200
2958,630,194,22818,3197,68333,12486,25.6,1.3,1168,130,76,11,001,007301
3495,562,218,17911,4984,30663,9280,28.3,10.2,1785,100,115,11,001,007302
3556,589,194,19008,3071,36467,9245,33.8,8.5,1432,102,84,11,001,007304
450,398,null,3136,1651,null,null,19.7,0.4,0,132,null,11,001,007308
2729,476,147,8862,1711,18472,6996,21,4.4,1017,36,61,11,001,007401
3413,397,148,16776,5893,29912,7081,26.7,3.4,1186,53,59,11,001,007403
3587,515,197,12795,3938,29595,8421,20.8,2,1425,109,84,11,001,007404
3489,460,215,10949,2536,28403,8007,22.3,5.7,1119,40,78,11,001,007406
3177,611,154,18424,5735,36810,12923,25.3,7.4,1124,65,68,11,001,007407
2678,357,150,11755,3642,17956,3073,25.9,3.5,1204,41,73,11,001,007408
3641,418,225,17619,2883,30476,11027,25.7,3,1662,32,103,11,001,007409
4874,683,258,15366,2543,34583,5660,27.9,2.7,1984,73,114,11,001,007502
2787,440,161,13793,2293,34496,5890,33.3,8.4,1020,52,67,11,001,007503
3075,666,145,12269,2897,18545,11386,28.6,8.1,1293,43,73,11,001,007504
4521,481,254,18819,2326,31949,4859,41.9,2.9,2182,57,128,11,001,007601
4685,516,200,32945,5258,48246,6127,39,8.3,2364,73,112,11,001,007603
3563,346,217,28528,3474,44087,10066,46.4,5,1991,48,130,11,001,007604
3439,454,200,21978,3014,40186,8361,42.4,5.9,1832,66,117,11,001,007605
6518,911,284,16943,2972,33973,9002,25.4,2.3,2389,41,117,11,001,007703
3876,463,261,20956,4003,30708,11613,34.5,5.1,1662,99,114,11,001,007707
2913,371,163,17491,3093,33908,4326,30.9,2.9,1317,49,81,11,001,007708
2111,340,121,23090,4128,35357,11511,37.6,6.8,1161,50,66,11,001,007709
3002,375,190,19739,2539,23099,5925,39.3,6.4,1676,60,107,11,001,007803
3242,569,209,12796,2642,17500,5235,33.1,4.3,1330,80,91,11,001,007804
2105,357,148,17516,4007,39639,7001,37.6,5,1055,62,70,11,001,007806
2343,427,155,14243,3399,30345,7439,31.8,11.2,849,81,54,11,001,007807
3710,520,213,14051,2750,26688,6033,26.2,6.4,1487,110,94,11,001,007808
3037,423,145,18566,4883,27969,13542,37.4,5.7,1378,69,78,11,001,007809
3926,557,200,25556,5680,40614,15495,33.5,3.9,1738,65,108,11,001,007901
1662,272,100,30548,7082,44360,5985,46.6,7.7,958,64,58,11,001,007903
2519,308,207,46851,8081,89234,11332,37,2.8,1267,62,104,11,001,008001
3303,327,234,51865,7150,85824,4776,35.8,2.1,1639,77,123,11,001,008002
3337,492,245,62739,9530,130195,13372,31.3,1.6,1462,63,120,11,001,008100
2695,221,224,81287,14619,82500,12686,34.5,1.5,1581,63,132,11,001,008200
2249,235,163,73313,8635,112143,19993,37.7,1.7,1203,71,88,11,001,008301
1825,165,133,68143,11623,110563,36205,33.9,3.3,968,54,71,11,001,008302
2543,339,177,33456,5849,61000,12894,41.5,2.6,1266,41,96,11,001,008402
1490,351,88,42304,16593,96417,38401,36.8,2.8,657,51,39,11,001,008410
3295,442,211,32308,5079,64549,12141,37.8,4.3,1462,69,107,11,001,008500
0,132,null,null,null,null,null,null,null,35,28,null,11,001,008600
2074,334,131,32206,6702,66563,18064,33.9,8.1,947,51,63,11,001,008701
1983,352,109,21885,3935,31417,8197,39.6,9.7,941,40,53,11,001,008702
4573,581,292,21645,3882,40302,7782,32.7,2.7,2034,65,139,11,001,008802
1526,522,95,14165,4297,29837,15630,28.1,4.9,640,56,41,11,001,008803
2785,548,147,17697,3777,28609,4741,42.5,2.9,1543,44,85,11,001,008804
2575,372,164,17779,2478,25597,6948,33,6.3,1467,49,97,11,001,008903
3349,349,202,14661,1867,22195,4143,35.5,4.2,1839,68,118,11,001,008904
0,132,null,null,null,null,null,null,null,0,132,null,11,001,008905
2412,257,163,38358,6566,36047,11998,51.8,3.8,1586,27,123,11,001,009000
4531,710,285,24969,3026,52021,5038,45.9,2.9,1892,69,120,11,001,009101
4603,750,262,15056,2811,23580,9339,32.3,6.3,1823,70,115,11,001,009102
1326,223,83,28366,6029,43629,13457,32.7,7.1,586,65,39,11,001,009201
3048,309,147,29492,5559,50154,16470,33.5,5,1319,36,81,11,001,009203
2636,395,145,16993,4006,28420,6734,41.5,2.8,1302,61,83,11,001,009204
3363,533,208,36827,5907,74113,20571,43.1,3.7,1281,23,90,11,001,009301
1281,296,89,30690,8024,78929,47481,43.2,4,546,34,37,11,001,009302
4043,323,266,37627,3383,71316,6648,43.5,3.2,1813,64,131,11,001,009400
5925,769,301,18537,4879,44583,11325,21,1.6,2080,62,109,11,001,009501
3076,322,200,37877,4339,81250,21962,49.9,2.9,1217,60,84,11,001,009503
3497,542,241,25168,4135,46758,4557,47.3,6.2,1379,64,100,11,001,009504
2659,219,170,30107,3366,60750,9215,47.2,3.2,1232,20,94,11,001,009505
2012,384,110,28616,6662,59444,13975,43,9.1,660,57,42,11,001,009507
3186,453,176,27288,4753,46092,3383,44,9,1455,54,98,11,001,009508
3197,407,220,34287,8481,58000,12042,46.6,4.8,1295,32,98,11,001,009509
2747,587,139,13819,3510,22300,13020,21.9,8.9,899,21,54,11,001,009601
3577,482,184,12799,2445,23696,5166,26.5,1.7,1489,24,90,11,001,009602
3627,455,218,19938,2710,37371,6600,34.5,3.4,1785,55,117,11,001,009603
2151,264,135,25430,4488,39844,10197,43.1,8.6,1037,22,67,11,001,009604
3051,660,152,16870,4425,36250,13232,26.2,9,1237,107,69,11,001,009700
1598,430,84,13782,4453,31875,21041,22.3,6.8,673,67,47,11,001,009801
1262,302,76,14448,4381,28000,11695,30.3,13.8,786,66,48,11,001,009802
2369,372,129,16335,2961,27061,8981,30.2,4,1343,61,83,11,001,009803
3012,634,123,19498,4590,43275,17696,31.9,18.3,1033,47,55,11,001,009804
5796,741,225,13372,2036,25820,4270,26.8,3.3,3036,116,124,11,001,009806
3211,402,192,21679,3238,41263,8121,41.2,4.8,1604,50,94,11,001,009807
2545,311,149,19632,4078,28203,11864,27.2,3.7,1449,35,88,11,001,009808
841,637,null,8424,2486,null,null,50.7,0.7,0,132,null,11,001,009809
2122,305,153,43918,7108,74028,13618,52.8,3.2,1030,88,81,11,001,009901
2753,463,154,30682,6567,54896,17010,46.3,2.3,1277,58,80,11,001,009902
1350,254,86,22247,7804,41652,22078,40.9,4.4,750,140,42,11,001,009903
1572,263,101,18332,4137,26926,11935,36.6,3.9,945,58,55,11,001,009904
2491,299,129,18526,3480,32080,4420,30.9,9.5,1339,56,79,11,001,009905
1897,324,104,19030,5573,34476,8373,34.8,5.6,886,56,54,11,001,009906
2703,320,169,14751,2960,25482,8227,28.6,8.1,1253,36,77,11,001,009907]]