B01003_001E,B01003_001M,B00001_001E,B19301_001E,B19301_001M,B19013_001E,B19013_001M,B01002_001E,B01002_001M,B25001_001E,B25001_001M,B00002_001E,state,county,tract
5184,514,289,118386,13411,170338,19870,37.7,4.1,2828,134,152,11,001,000100
3844,755,null,2651,957,-666666666,-222222222,19.6,0.4,4,5,null,11,001,000201
4551,625,441,78417,17349,152256,20082,25.9,3.2,1971,125,164,11,001,000202
6079,646,323,71763,7699,135045,37417,31.9,3.5,2747,85,155,11,001,000300
1527,184,212,142248,32666,225179,68500,48.1,5.2,697,28,97,11,001,000400
3361,514,197,78588,14355,100109,14487,32.4,3.8,2074,115,110,11,001,000501
3107,237,317,88638,10491,113688,13958,38.3,3.5,1751,68,174,11,001,000502
4537,414,314,103770,11630,155031,27778,44.3,3.9,2370,55,141,11,001,000600
5236,433,286,73552,9836,78040,15034,45.1,8.3,3801,66,198,11,001,000701
3384,330,179,53654,5804,71032,6423,29.5,2.0,2497,70,129,11,001,000702
6738,586,430,105810,16998,135119,41367,43.6,5.3,3039,98,169,11,001,000801
3077,297,253,75667,11895,91037,12951,35.6,4.5,1447,58,122,11,001,000802
7771,690,799,73110,11850,231042,26197,20.6,0.4,1635,65,154,11,001,000901
2334,214,338,97324,16418,191607,26550,42.2,1.2,895,27,127,11,001,000902
8036,506,526,65169,6287,157621,12429,40.0,2.5,2838,89,172,11,001,001001
3516,477,187,51811,7499,90221,27388,30.7,2.2,2193,90,111,11,001,001002
4443,373,298,93138,14178,123378,8646,46.2,5.7,2237,81,134,11,001,001100
4880,528,282,77087,8995,101628,16525,38.0,4.1,2598,76,148,11,001,001200
4158,416,234,89995,13917,119234,18821,35.3,3.5,2056,78,112,11,001,001301
7796,720,321,77956,7054,93795,12295,34.1,2.4,5496,151,219,11,001,001302
3333,264,349,82550,10324,113345,19764,39.1,2.2,1495,31,146,11,001,001401
3092,252,301,90957,12321,128625,44185,44.6,4.1,1539,76,142,11,001,001402
6216,562,437,78771,8366,200404,26761,45.8,2.9,2141,71,138,11,001,001500
4124,304,382,70875,8215,136875,16463,49.1,2.5,1715,33,159,11,001,001600
2975,255,244,55135,7785,89926,14046,41.3,2.8,1332,58,111,11,001,001702
3930,402,292,34135,7105,47436,10702,36.0,3.7,1669,65,135,11,001,001803
5576,695,338,25998,3189,46505,10806,36.3,2.2,2239,74,143,11,001,001804
3801,512,308,30584,4432,73295,12514,37.2,5.5,1668,30,142,11,001,001901
2245,198,275,39568,5721,89639,17523,42.8,4.7,870,36,117,11,001,001902
2640,291,299,42059,6556,52455,15321,42.3,2.9,1035,54,121,11,001,002001
3869,470,304,37597,5901,64559,15576,42.2,2.5,1463,57,112,11,001,002002
5713,798,282,26008,3273,47740,15361,36.7,3.1,2309,98,124,11,001,002101
4968,542,339,32499,5599,51555,15105,35.8,5.2,2263,63,168,11,001,002102
3736,362,255,30826,4700,67117,7704,34.2,4.4,1199,44,99,11,001,002201
3965,499,253,27126,5404,49944,14560,31.8,3.3,1481,52,107,11,001,002202
3261,359,287,36994,5678,71000,23315,39.8,4.8,1187,42,120,11,001,002301
1841,296,159,37797,7837,61458,12614,47.0,18.6,1193,109,79,11,001,002302
4282,394,348,40247,7964,91591,16061,35.5,2.6,1440,49,125,11,001,002400
2748,406,209,35984,6706,35813,14182,36.6,4.0,1057,44,84,11,001,002501
6079,714,274,38425,8739,65325,6132,35.5,1.2,2589,86,136,11,001,002502
2533,191,329,64887,8041,129211,23234,46.2,2.1,1035,25,138,11,001,002600
5481,548,302,50346,5417,67181,12080,33.3,2.6,2867,89,151,11,001,002701
5855,599,326,49169,4912,90658,15472,32.9,1.7,2434,122,141,11,001,002702
4393,467,318,25297,3036,49296,4798,30.5,2.1,1907,61,140,11,001,002801
5027,429,352,30691,3445,55875,5009,30.0,1.1,2142,65,176,11,001,002802
4868,497,389,42130,4351,81815,7488,30.5,1.3,1777,59,157,11,001,002900
3660,368,307,40617,5369,64564,10035,30.1,1.3,1603,55,147,11,001,003000
3355,474,218,32937,6060,71774,19692,32.6,4.2,1249,58,94,11,001,003100
4781,484,341,31567,3782,68163,11224,33.1,2.6,1918,61,139,11,001,003200
3436,422,262,56663,6806,96136,15468,31.9,2.1,1624,50,131,11,001,003301
2281,245,272,47769,7266,100395,19519,34.0,2.4,1017,49,130,11,001,003302
4668,436,450,26232,4588,80789,28922,21.4,1.5,1395,83,99,11,001,003400
4959,608,501,21936,3501,68995,15278,22.9,1.4,1227,52,140,11,001,003500
4713,522,243,53621,9038,92139,8990,32.9,1.8,2281,79,114,11,001,003600
5616,813,294,37839,6245,68462,24672,29.1,2.2,2608,97,132,11,001,003700
5108,489,255,59606,6079,89295,6435,33.0,1.1,2830,105,145,11,001,003800
4451,360,259,63739,6257,82188,12185,32.7,1.8,2895,115,158,11,001,003900
3907,490,205,86606,9887,109884,17242,36.2,3.8,2389,79,131,11,001,004001
2813,299,277,73153,9034,91970,8543,34.4,1.3,1920,79,185,11,001,004002
2610,242,252,107082,18296,125179,14720,45.0,2.3,1755,38,158,11,001,004100
3642,371,225,77568,10133,97813,17994,31.2,0.9,2112,102,138,11,001,004201
2760,237,286,74127,5719,88750,20925,31.8,1.0,1856,86,171,11,001,004202
3481,339,238,60594,5833,81034,14049,35.0,1.8,2093,58,148,11,001,004300
5555,432,298,76841,9435,133269,19090,32.9,1.7,2696,61,153,11,001,004400
2927,324,199,50634,7996,91750,52157,33.0,3.2,1414,76,107,11,001,004600
3983,532,169,35079,9550,25577,11096,32.1,5.9,2347,48,101,11,001,004701
2285,207,281,56964,6818,79833,11075,31.7,1.5,1253,49,152,11,001,004702
2138,267,189,49397,5683,99808,12539,36.6,4.2,1145,88,97,11,001,004801
3313,342,242,46450,6215,75125,30537,33.3,2.4,1725,74,136,11,001,004802
2513,326,287,36427,5986,54531,12790,30.9,1.8,1108,59,129,11,001,004901
2759,246,223,61740,7345,97813,41081,32.5,2.2,1557,70,132,11,001,004902
2092,260,204,94402,17921,132232,13434,35.3,2.3,1019,44,106,11,001,005001
5935,462,268,61116,9608,76507,9410,35.1,2.0,3781,107,187,11,001,005002
5825,483,249,92922,12333,101789,16024,31.4,1.5,4504,93,185,11,001,005201
5278,394,307,78645,6468,95078,15626,31.7,1.2,3698,105,210,11,001,005301
6508,649,280,98727,18413,90645,23638,32.7,1.1,4939,164,176,11,001,005500
6477,810,444,67999,16725,70977,22536,28.6,5.0,4351,152,205,11,001,005600
2697,195,273,103883,13443,122500,19626,38.1,2.2,2132,99,199,11,001,005800
3043,443,299,55518,7880,95714,17901,28.9,2.1,1631,65,144,11,001,005900
0,12,0,-666666666,-222222222,-666666666,-222222222,-666666666.0,-222222222.0,0,12,0,11,001,006202
1986,255,171,14504,2727,19933,4974,33.1,3.2,1151,39,104,11,001,006400
2415,236,236,79979,8899,128654,17618,34.3,3.2,1501,61,139,11,001,006500
1932,226,207,106184,18599,159659,19081,38.5,4.6,1120,57,107,11,001,006600
3957,264,351,85387,8850,138292,12058,38.6,1.8,1919,72,175,11,001,006700
2078,203,257,42059,4786,77348,9438,33.3,3.6,919,53,131,11,001,006801
2267,253,309,49735,5396,105625,10696,37.5,3.8,1018,47,145,11,001,006802
3008,233,464,4990,1282,-666666666,-222222222,33.9,2.9,0,12,0,11,001,006804
2148,165,198,72146,7722,114676,23343,40.9,2.0,1232,46,106,11,001,006900
2729,322,281,64977,6553,112371,13011,32.3,2.3,1291,31,118,11,001,007000
3335,532,261,39709,7761,65195,13116,33.1,2.7,1412,40,120,11,001,007100
4247,525,336,59274,7832,106000,19956,31.1,1.8,2309,83,199,11,001,007200
3602,518,398,24671,3308,66094,17390,21.9,1.5,1105,75,103,11,001,007301
3640,358,278,17004,2627,26683,20298,33.4,3.5,1434,67,113,11,001,007304
2448,283,248,9266,1841,14813,3464,24.5,3.1,1051,32,112,11,001,007401
3328,417,187,12271,2171,28149,6117,25.4,2.6,1182,30,77,11,001,007403
3747,495,180,12780,3747,28250,4425,22.2,3.2,1478,61,83,11,001,007404
3129,425,177,12167,2112,31331,9426,24.5,3.0,1110,44,74,11,001,007406
2950,308,186,21234,5006,39245,7129,31.0,6.0,1347,44,100,11,001,007407
3357,474,287,11140,1973,23879,5373,28.5,7.0,1293,37,106,11,001,007408
3848,455,221,17370,2975,34000,8784,27.2,3.8,1622,39,111,11,001,007409
5272,564,323,16337,6932,23304,13007,29.6,3.8,1957,44,130,11,001,007502
2612,349,263,14109,2270,30893,8429,24.8,2.5,1072,33,120,11,001,007503
2530,407,174,15603,3944,18529,4506,26.4,5.0,1339,48,99,11,001,007504
3878,583,219,28321,4708,37434,8666,46.0,5.7,2326,66,131,11,001,007601
3632,531,154,39248,6745,53897,10982,50.6,3.8,2314,114,93,11,001,007603
3806,371,281,33352,3628,56736,7204,42.6,1.5,1988,76,157,11,001,007604
3535,414,263,25107,3668,44489,7634,41.2,2.2,1867,55,141,11,001,007605
4883,679,195,19527,5379,25180,5007,31.7,8.0,2462,86,100,11,001,007703
4392,570,301,20797,3760,47883,16250,33.0,3.1,1815,61,141,11,001,007707
2797,356,182,16765,3473,27760,9200,36.3,4.8,1326,46,87,11,001,007708
1770,255,168,23172,4209,34825,4308,47.7,7.5,1144,63,99,11,001,007709
3006,480,208,22070,3692,36957,12256,42.1,6.1,1626,95,108,11,001,007803
3295,599,231,21519,4226,39525,11542,39.3,8.3,1370,74,84,11,001,007804
2116,255,212,21293,4638,34896,10006,41.4,6.2,1084,60,112,11,001,007806
2220,229,244,23190,7641,32000,13612,36.0,4.5,974,19,106,11,001,007807
4324,730,200,19607,4101,40923,20004,28.1,7.5,1619,89,96,11,001,007808
2664,454,196,21225,4268,38819,8293,36.9,10.8,1364,70,94,11,001,007809
4017,444,269,27461,3668,40658,9414,35.0,5.8,1789,62,140,11,001,007901
1692,239,214,27540,4036,46638,6998,38.6,3.5,916,28,123,11,001,007903
3021,346,248,61753,5049,112115,17051,36.2,2.7,1393,56,119,11,001,008001
3685,258,338,57958,4248,106429,8851,35.3,1.1,1641,63,152,11,001,008002
3215,303,280,70872,5438,124239,11258,34.7,1.8,1506,63,136,11,001,008100
3053,333,313,69739,11976,98036,7380,28.7,2.9,1579,65,141,11,001,008200
2491,273,233,68377,8757,143208,34135,32.4,2.0,1091,70,105,11,001,008301
2392,170,335,57161,4792,110250,12838,31.8,1.7,1026,32,143,11,001,008302
2011,315,170,50728,5490,74583,14447,39.4,3.5,1194,65,105,11,001,008402
1480,240,186,42321,6235,107662,6374,32.2,1.1,617,50,84,11,001,008410
2359,350,273,39171,8288,66442,15313,37.6,6.3,998,68,125,11,001,008701
1761,194,191,29194,4620,51211,10306,35.9,2.9,837,43,95,11,001,008702
4556,521,359,28338,4730,52606,17534,39.3,3.8,2083,48,169,11,001,008802
1931,382,249,11653,3186,15313,13902,24.1,4.0,655,32,68,11,001,008803
2676,445,182,22599,5002,38500,19121,38.7,2.3,1458,67,96,11,001,008804
3365,518,180,20948,4587,34949,9254,35.7,8.7,1620,28,94,11,001,008903
3133,362,210,22048,3024,31694,7858,41.9,4.1,1904,62,137,11,001,008904
2979,299,222,32646,4101,31848,12333,54.7,6.6,1837,28,153,11,001,009000
5253,454,366,21440,3242,44043,10054,28.7,2.3,2029,44,160,11,001,009102
1877,239,244,33502,7510,52279,8631,33.1,2.9,708,31,79,11,001,009201
2772,570,183,35801,7168,68750,35592,29.2,5.2,1293,55,86,11,001,009203
2963,350,204,16472,2423,21993,7760,32.2,3.5,1483,33,112,11,001,009204
3357,360,247,38449,5288,75353,10479,40.6,5.5,1214,47,93,11,001,009301
1025,138,148,37997,5753,63375,7649,38.7,6.4,512,41,68,11,001,009302
4508,574,320,35727,8063,71454,18027,42.6,3.8,1818,58,146,11,001,009400
6983,674,655,14906,2340,43924,7827,23.6,1.8,1961,80,136,11,001,009501
3262,263,262,31647,3629,80179,5328,42.2,6.3,1287,25,110,11,001,009503
3070,389,246,36630,6343,65682,7944,44.2,1.3,1418,35,110,11,001,009504
2800,361,173,32139,5049,70967,15267,48.3,7.2,1180,93,81,11,001,009505
1623,193,175,30070,4389,53789,7161,47.1,7.9,629,17,83,11,001,009507
3684,494,251,30988,4154,60000,8827,36.5,4.5,1746,75,133,11,001,009508
3317,417,216,31397,4321,68973,10848,40.0,8.2,1378,38,109,11,001,009509
2182,270,206,19729,6108,26607,18082,36.8,6.2,848,53,82,11,001,009601
3154,370,185,14180,1867,22949,3864,27.2,2.6,1643,45,105,11,001,009602
2899,398,195,29552,6790,39295,6748,45.8,2.2,1707,74,115,11,001,009603
2050,240,216,28047,4200,49196,9631,48.1,3.9,1037,26,123,11,001,009604
3037,496,185,19658,3931,35833,6909,34.4,6.3,1327,42,83,11,001,009700
1925,335,195,15116,2937,26389,7588,28.2,4.6,942,36,101,11,001,009801
1547,260,154,16374,2896,30658,11240,29.0,3.9,871,38,93,11,001,009802
2798,385,202,14757,2074,25500,8956,31.8,5.0,1429,64,107,11,001,009803
2518,286,257,23550,3028,43098,10546,30.7,4.8,1082,37,125,11,001,009804
3228,402,228,23372,6404,39758,9079,38.4,6.1,1647,27,121,11,001,009807
2495,350,127,15762,3579,28922,7123,26.2,3.4,1211,58,63,11,001,009810
4745,545,227,13593,1910,29375,4146,26.8,4.6,2121,63,109,11,001,009811
2236,235,203,45031,4808,82151,11813,51.7,4.7,1112,19,101,11,001,009901
2830,280,179,25176,5192,42355,6194,46.0,6.5,1347,22,90,11,001,009902
1768,212,159,27151,3833,61094,6620,39.1,6.4,788,92,73,11,001,009903
2171,261,187,18138,3175,33237,4343,31.2,4.3,1280,35,116,11,001,009904
2763,411,218,20232,3926,42788,6354,34.9,6.0,1376,50,103,11,001,009905
1519,212,157,19940,3367,43929,10811,37.4,4.9,763,38,86,11,001,009906
2842,334,169,16556,4257,24831,6065,29.3,3.3,1216,48,82,11,001,009907
2443,186,215,71612,7305,80992,16103,36.3,2.6,2071,53,166,11,001,010100
2543,242,218,62617,6979,92917,11148,35.8,2.2,1601,61,147,11,001,010200
3447,450,264,30773,3931,61926,14651,42.9,3.3,1315,51,110,11,001,010300
4430,569,294,18326,2883,35410,7333,35.6,2.8,1806,76,109,11,001,010400
3427,301,201,60020,6400,75938,22426,36.0,1.6,2330,85,129,11,001,010500
5119,404,438,47336,4770,84505,15579,30.2,1.6,2466,95,222,11,001,010600
1858,212,202,57452,10919,73300,19442,28.7,2.5,1315,51,126,11,001,010700
6296,898,855,9421,1832,30694,13359,20.1,0.5,1058,69,108,11,001,010800
4132,885,254,12038,2964,32092,6453,23.1,4.5,1418,51,105,11,001,010900
3378,476,195,72029,9276,87906,15677,47.3,5.7,2540,127,132,11,001,011000
5083,571,473,30272,3349,58833,13079,42.0,4.9,1898,46,165,11,001,011100]]