B01003_001E,B01003_001M,B00001_001E,B19301_001E,B19301_001M,B19013_001E,B19013_001M,B01002_001E,B01002_001M,B25001_001E,B25001_001M,B00002_001E,state,county,tract,block group
1652,494,61,27389,8522,35479,18702,41.8,6.9,1024,235,37,11,001,007603,1
543,237,23,76452,20068,null,null,51.7,7.7,568,160,18,11,001,007603,2
551,270,39,49355,14716,147667,46334,48.6,13.4,180,69,15,11,001,007603,3
1204,438,38,29661,10041,48994,16300,50.9,7.1,656,214,23,11,001,007603,4
1378,323,90,26172,6108,43295,19365,34.5,5.8,676,113,48,11,001,007604,1
1382,250,118,38697,6649,82692,14596,47.0,4.6,703,91,65,11,001,007604,2
1006,278,71,31703,10124,41164,8113,35.9,9.6,627,114,44,11,001,007604,3
760,198,78,31497,6867,77578,22829,44.4,10.2,296,56,32,11,001,007605,1
2195,339,153,22351,3538,36133,14476,41.8,3.9,1202,97,89,11,001,007605,2
654,274,49,15020,7099,14201,5657,32.7,9.0,372,81,28,11,001,007605,3
712,246,34,25100,12972,null,null,51.7,10.7,379,120,17,11,001,007703,1
1316,481,43,12333,3329,31703,7532,32.2,15.8,566,161,20,11,001,007703,2
2720,766,110,11142,3532,20656,7913,26.4,11.6,1132,192,46,11,001,007703,3
519,319,20,41405,43262,null,null,49.4,20.6,353,133,14,11,001,007703,4
2588,473,164,15623,3837,30643,7844,27.7,8.6,1145,92,83,11,001,007707,1
1835,372,132,26899,6157,65963,7526,36.3,4.6,683,97,61,11,001,007707,2
1600,343,88,13487,4862,25333,14378,24.1,11.8,609,104,36,11,001,007708,1
1470,327,102,20393,3917,35714,14981,42.2,7.9,719,103,47,11,001,007708,2
1258,213,134,20917,3919,31528,8603,49.5,3.4,719,88,75,11,001,007709,1
907,209,97,21024,5351,42063,13484,35.4,5.8,441,91,43,11,001,007709,2
832,334,53,23133,7372,46111,23209,36.7,9.3,398,120,25,11,001,007803,1
630,259,49,26563,11065,41667,16362,44.3,14.8,281,71,24,11,001,007803,2
678,434,43,20747,4960,59152,38283,30.4,23.7,190,81,14,11,001,007803,3
1333,297,78,22231,5711,24826,5761,43.5,10.8,877,115,51,11,001,007803,4
910,346,83,17884,6684,47955,16883,44.7,18.0,334,86,21,11,001,007804,1
1175,295,72,19519,6105,38661,14576,32.7,7.5,636,116,36,11,001,007804,2
1129,486,73,21179,3882,45288,42661,50.6,23.3,405,108,28,11,001,007804,3
1133,223,136,20305,4942,30500,12726,44.5,8.1,602,77,68,11,001,007806,1
947,265,100,20942,8493,29492,12830,33.1,9.5,482,76,55,11,001,007806,2
1432,279,166,19726,3034,45375,20464,34.2,3.1,557,74,66,11,001,007807,1
882,207,105,31799,19080,33913,14189,42.4,7.1,422,73,51,11,001,007807,2
2479,886,103,21320,5407,48750,31797,28.4,5.0,664,164,34,11,001,007808,1
694,218,51,21492,6509,25625,14212,52.3,6.4,558,98,41,11,001,007808,2
1116,515,50,18238,10545,35394,13597,21.7,1.5,417,128,25,11,001,007808,3
1826,378,137,20447,3495,36781,7200,32.6,5.1,992,99,69,11,001,007809,1
979,299,80,28812,10622,57500,22454,49.1,8.7,370,92,29,11,001,007809,2
286,138,20,24019,12342,25167,16044,32.9,21.7,217,73,17,11,001,007901,1
1141,291,86,29560,7470,47813,18167,42.0,5.8,507,89,41,11,001,007901,2
1508,341,113,27907,5438,49125,34418,33.4,3.2,599,90,51,11,001,007901,3
1016,201,82,28862,7641,35625,23970,32.2,5.7,484,77,43,11,001,007901,4
1825,239,252,30401,5050,50188,7317,35.3,2.0,910,29,135,11,001,007903,1
1092,413,67,59220,13550,125714,28755,34.3,6.2,465,102,31,11,001,008001,1
1347,210,134,61920,8260,115435,23498,37.6,3.5,648,90,65,11,001,008001,2
745,228,71,62563,11694,134583,57003,32.6,1.9,305,67,29,11,001,008001,3
1304,182,117,59593,9401,103864,25391,37.9,3.8,680,87,63,11,001,008002,1
2242,282,216,62893,7694,118438,15058,35.2,1.0,965,88,94,11,001,008002,2
677,152,81,62201,10818,130125,54922,32.4,4.5,285,52,36,11,001,008100,1
1537,197,137,69363,7072,124773,13248,35.0,3.2,668,73,64,11,001,008100,2
998,204,93,84490,11224,165385,48637,32.7,4.5,515,77,46,11,001,008100,3
709,149,81,78849,12985,112000,20413,40.5,9.4,425,69,47,11,001,008200,1
2220,263,267,75344,15328,98864,18361,28.2,1.9,1100,83,102,11,001,008200,2
1092,242,112,73160,9561,155096,27745,34.8,2.9,494,60,52,11,001,008301,1
1291,237,121,68352,14722,131319,37306,31.5,1.9,601,68,58,11,001,008301,2
2409,172,383,62769,5406,120417,13732,34.3,1.7,1026,37,163,11,001,008302,1
1127,297,90,57224,7836,97929,14003,36.0,5.2,494,72,43,11,001,008402,1
1006,185,93,50328,8422,61184,18930,44.8,8.8,675,88,64,11,001,008402,2
1355,180,189,49107,7208,107266,6298,32.7,1.5,642,37,90,11,001,008410,1
1328,325,171,52312,13396,77961,23088,36.6,6.5,598,85,73,11,001,008701,1
983,273,115,32905,6947,59712,24675,34.9,7.2,484,73,59,11,001,008701,2
1262,201,154,34505,15649,53417,18071,33.9,3.2,504,50,69,11,001,008702,1
668,243,76,32732,8574,42083,16695,45.2,8.2,346,56,43,11,001,008702,2
494,158,44,39786,11194,69265,11233,36.2,3.9,271,72,24,11,001,008802,1
1456,347,108,27328,6520,41310,20041,34.5,4.8,723,100,58,11,001,008802,2
1427,334,114,33487,8789,72188,23545,36.6,4.5,494,82,43,11,001,008802,3
1221,323,101,35537,16223,44861,36010,46.1,8.1,545,88,45,11,001,008802,4
2148,446,296,13641,3583,20313,9709,24.9,4.2,662,30,79,11,001,008803,1
955,281,77,23253,5500,48125,9464,35.0,6.8,536,99,39,11,001,008804,1
1487,280,104,22989,5357,33403,13573,38.5,3.1,883,125,61,11,001,008804,2
2353,387,140,26730,5722,46250,15410,34.5,7.9,1158,122,77,11,001,008903,1
1112,426,66,11986,2737,24125,7859,29.4,7.0,541,117,34,11,001,008903,2
1882,339,139,20738,4070,24556,6665,36.2,6.4,1286,112,95,11,001,008904,1
1164,323,74,21901,4667,34156,18476,42.3,1.4,628,104,47,11,001,008904,2
1563,336,112,39599,6824,31500,13438,47.6,9.3,988,107,77,11,001,009000,1
1486,256,121,32685,10178,39926,20305,51.9,11.3,870,101,77,11,001,009000,2
915,284,65,32649,7726,64444,12699,32.7,7.1,398,89,32,11,001,009102,1
2405,387,167,26372,4861,50536,14213,29.0,3.4,1079,119,82,11,001,009102,2
1968,469,132,14747,3853,27978,7730,24.4,7.5,632,104,51,11,001,009102,3
2261,273,290,35477,5758,52734,9360,32.3,2.5,861,35,102,11,001,009201,1
1159,394,87,26716,7515,null,null,37.2,7.4,407,97,30,11,001,009203,1
1453,363,110,47316,8654,95708,32772,34.3,7.6,897,98,62,11,001,009203,2
1016,213,77,29259,7042,54632,14687,37.5,5.9,536,80,39,11,001,009204,1
1769,279,113,12499,2946,14286,4776,35.9,9.8,920,87,70,11,001,009204,2
690,224,47,37283,9593,76719,21900,46.8,9.6,272,83,20,11,001,009301,1
832,213,84,50351,11301,65536,47545,43.6,8.4,355,80,31,11,001,009301,2
946,365,54,28113,6856,79592,28574,40.0,16.6,343,110,23,11,001,009301,3
736,323,52,43135,16473,60875,58428,33.2,3.7,261,80,23,11,001,009301,4
1053,143,157,38878,6057,62063,7311,38.4,6.2,548,24,74,11,001,009302,1
671,236,60,38105,8433,65536,30566,45.8,12.5,312,69,30,11,001,009400,1
1406,413,90,40750,20638,56691,42057,34.7,9.5,602,91,46,11,001,009400,2
1808,470,133,28708,5753,93750,30648,42.4,6.9,553,114,45,11,001,009400,3
965,340,68,42777,7229,94485,11407,46.8,7.6,372,83,35,11,001,009400,4
2773,523,158,19153,3789,47453,7729,30.2,1.1,869,115,61,11,001,009501,1
939,463,49,13567,5282,24784,14854,26.5,2.6,401,103,27,11,001,009501,2
3376,404,479,12186,2656,40040,8597,20.5,0.6,691,121,51,11,001,009501,3
1615,350,119,38468,5785,93056,10294,44.3,9.9,644,97,57,11,001,009503,1
1032,289,86,35336,9049,80417,26540,46.9,13.5,355,89,28,11,001,009503,2
700,183,61,43066,9733,82448,33251,41.4,4.1,298,64,27,11,001,009503,3
1706,198,118,39177,9453,63849,19042,43.1,4.3,957,88,71,11,001,009504,1
1609,359,148,30586,4655,78621,24050,60.2,7.3,475,79,42,11,001,009504,2
957,280,42,26379,6247,55651,2276,54.2,4.1,366,94,22,11,001,009505,1
737,255,69,51241,13808,100163,54358,52.4,18.6,407,107,33,11,001,009505,2
1007,311,63,31945,9181,70298,30630,43.5,15.8,470,114,29,11,001,009505,3
1631,205,184,29913,4361,60170,15821,42.2,8.3,615,30,87,11,001,009507,1
941,321,69,39240,13638,48750,19982,32.9,9.4,519,111,41,11,001,009508,1
1257,369,104,35375,7503,70923,7758,40.3,6.9,576,97,52,11,001,009508,2
1631,400,81,27158,6621,63068,26083,35.0,8.9,629,108,39,11,001,009508,3
1486,459,84,26954,9624,56875,30265,35.6,17.7,494,81,39,11,001,009509,1
894,347,75,30777,6701,61167,12359,50.0,20.7,412,97,41,11,001,009509,2
1105,397,65,35574,9951,58125,24974,30.3,5.0,471,100,33,11,001,009509,3
2211,281,226,16009,2520,32794,11333,34.9,4.4,880,42,88,11,001,009601,1
1582,371,111,15529,3671,26375,9492,28.9,6.0,731,117,57,11,001,009602,1
1875,395,83,11633,2697,21765,5426,26.0,2.7,925,125,50,11,001,009602,2
1536,420,97,34781,19755,42520,4770,47.6,4.9,880,113,56,11,001,009603,1
545,213,50,34716,10595,64737,25779,38.4,11.5,276,85,25,11,001,009603,2
933,244,50,21477,7231,25543,12475,44.4,4.6,644,113,32,11,001,009603,3
1154,203,131,28878,4282,43611,8054,49.9,4.5,631,68,80,11,001,009604,1
954,208,103,28637,6138,54883,9767,43.7,10.2,415,63,48,11,001,009604,2
2558,452,150,14791,3105,26450,13138,28.6,5.7,991,93,65,11,001,009700,1
813,268,60,24809,8116,70647,30752,32.0,21.6,336,95,21,11,001,009700,2
2159,300,243,14518,3051,24531,7450,26.4,2.7,936,39,113,11,001,009801,1
550,129,66,4391,913,11196,3241,15.5,5.8,329,42,41,11,001,009802,1
1096,201,124,23047,4689,47679,17236,36.4,5.0,557,45,69,11,001,009802,2
946,266,70,14594,4241,16309,6376,31.5,5.1,464,80,34,11,001,009803,1
821,336,54,16211,6939,42647,22548,28.2,8.5,380,86,29,11,001,009803,2
966,196,75,17256,3664,16304,9921,52.2,7.3,605,88,48,11,001,009803,3
1798,302,192,18990,3522,35938,3934,25.3,3.8,721,66,88,11,001,009804,1
980,187,117,21422,3693,35673,6256,39.9,7.4,389,63,51,11,001,009804,2
827,272,60,20609,8936,44792,24403,50.3,8.4,334,77,28,11,001,009807,1
2216,405,160,29871,12983,43240,8438,33.7,7.8,1283,84,90,11,001,009807,2
1503,367,69,15757,5706,31528,14861,26.6,3.4,644,117,36,11,001,009810,1
1173,295,61,16915,5733,28378,10215,27.8,3.7,580,107,32,11,001,009810,2
1847,512,80,13683,3705,25042,7423,28.4,8.0,863,142,47,11,001,009811,1
3171,534,171,13901,2107,29940,3600,29.0,5.9,1282,141,76,11,001,009811,2
865,236,76,33758,7368,69167,23132,42.2,5.8,356,67,33,11,001,009901,1
1698,263,148,47037,6492,98220,29627,52.6,4.7,761,74,72,11,001,009901,2
977,242,76,28615,4132,48000,13199,51.7,8.1,518,91,39,11,001,009902,1
1803,318,112,28423,6708,56034,17172,39.4,3.3,822,110,55,11,001,009902,2
1304,222,109,22561,4940,51250,20848,32.7,7.5,515,83,45,11,001,009903,1
524,162,66,36606,9002,68750,14829,51.0,5.0,260,74,30,11,001,009903,2
772,287,79,17631,4330,39773,11643,30.4,9.9,425,72,44,11,001,009904,1
1690,291,151,21560,5822,32138,3764,29.8,6.2,865,78,86,11,001,009904,2
1243,370,87,22732,8449,39643,12177,33.7,5.1,520,95,38,11,001,009905,1
831,260,47,25748,6640,56012,17684,38.9,6.0,459,94,29,11,001,009905,2
721,252,68,19802,5938,42679,21407,42.3,35.0,399,84,30,11,001,009905,3
1521,188,179,21972,3371,46979,8489,36.1,4.2,777,36,99,11,001,009906,1
740,321,40,25244,7257,null,null,39.7,8.4,277,94,18,11,001,009907,1
2150,338,119,14229,3778,23447,5092,29.6,2.2,962,104,58,11,001,009907,2
1901,234,156,80537,14381,98000,11252,38.6,5.6,1464,103,113,11,001,010100,1
723,157,75,66768,14763,73182,11109,34.9,3.0,587,91,58,11,001,010100,2
1044,236,113,66014,11722,112563,17514,46.3,6.0,541,78,59,11,001,010200,1
1493,299,117,60891,11220,91667,19131,34.8,2.6,1027,84,90,11,001,010200,2
904,249,77,41807,7338,66741,54168,30.5,5.9,292,60,28,11,001,010300,1
1312,321,104,29529,6792,70574,15772,40.1,8.5,514,82,47,11,001,010300,2
1246,302,100,23078,6383,40169,13544,44.8,8.6,495,80,44,11,001,010300,3
1915,477,103,21425,6501,41442,16595,30.7,7.8,685,121,42,11,001,010400,1
2559,465,186,17857,3239,33699,8321,38.3,5.5,1113,118,62,11,001,010400,2
1591,354,86,39839,8072,46069,1714,38.3,4.0,964,150,49,11,001,010500,1
1827,238,116,74920,8473,97581,16753,35.3,1.2,1358,158,83,11,001,010500,2
936,244,84,36728,9676,81146,60498,27.6,2.2,348,71,32,11,001,010600,1
4028,403,378,69361,5607,113125,14197,30.7,0.9,2234,117,214,11,001,010600,2
819,282,71,35563,8756,80909,77803,37.5,2.7,308,73,25,11,001,010600,3
822,143,95,57768,20712,67639,28654,25.7,3.9,476,76,47,11,001,010700,1
999,199,109,59777,9832,90313,31089,31.1,2.4,806,76,84,11,001,010700,2
1330,255,207,11955,3371,39844,14190,20.3,0.6,229,69,21,11,001,010800,1
2263,297,334,8844,1901,18375,17177,19.9,0.4,583,84,62,11,001,010800,2
2696,768,367,9682,3074,79167,25767,20.1,1.1,288,85,29,11,001,010800,3
2205,600,127,16097,4544,31607,6845,23.3,5.3,796,120,58,11,001,010900,1
2070,858,168,9635,3659,36991,8120,22.5,4.1,652,115,52,11,001,010900,2
632,378,28,36475,7504,91548,54000,30.8,4.4,228,105,12,11,001,011000,1
807,186,50,80043,23369,96750,45731,51.8,20.6,626,113,33,11,001,011000,2
688,199,30,92009,19644,88478,35046,47.4,10.1,587,125,24,11,001,011000,3
1425,238,82,66286,9538,74779,15303,51.6,6.8,1141,138,61,11,001,011000,4
1675,407,136,36081,9353,79605,27493,37.7,8.0,570,102,53,11,001,011100,1
2222,400,167,33192,6772,88028,16395,38.0,7.2,745,106,66,11,001,011100,2
1593,377,195,20641,5279,38750,17786,51.6,4.0,573,95,46,11,001,011100,3
1431,343,78,103233,30996,141792,64877,34.1,2.9,798,140,39,11,001,000100,1
1367,290,78,91991,16312,124808,28532,35.5,7.4,917,143,49,11,001,000100,2
1209,332,73,158787,37098,237604,51815,43.3,8.8,566,115,32,11,001,000100,3
1202,311,64,163190,78110,240045,89074,36.6,8.3,684,141,33,11,001,000100,4
3685,384,null,3481,811,-666666666,-222222222,19.7,0.2,3,4,null,11,001,000201,1
1208,347,109,85924,21233,192750,74345,25.6,5.5,514,88,53,11,001,000202,1
752,222,70,99153,22693,188846,35193,49.2,9.9,356,66,36,11,001,000202,2
887,251,81,71119,27372,109583,99803,29.9,10.8,387,74,37,11,001,000202,3
1970,459,205,51868,19705,101250,80099,21.6,0.3,712,145,48,11,001,000202,4
1174,290,66,69900,14288,127778,30128,32.2,6.1,510,92,30,11,001,000300,1
1486,306,83,64965,19445,83720,12213,35.6,3.9,890,137,48,11,001,000300,2
1593,612,74,66213,27129,135547,90657,34.1,15.9,663,129,37,11,001,000300,3
1842,372,91,78400,12387,186591,31742,30.7,1.9,622,96,35,11,001,000300,4
529,132,99,157945,38416,250001,-333333333,51.4,2.7,226,44,38,11,001,000400,1
1049,178,143,132206,30354,110234,21427,43.2,4.5,493,46,69,11,001,000400,2
1835,350,107,72041,14716,104741,10499,33.3,3.4,906,125,48,11,001,000501,1
1667,226,93,106639,24734,108875,19670,35.7,3.2,1218,128,64,11,001,000501,2
1547,185,180,98172,13483,132614,17049,38.4,6.2,829,79,89,11,001,000502,1
1426,181,144,84168,12640,109444,18301,36.5,4.6,954,80,93,11,001,000502,2
1220,340,68,112436,29246,155833,27258,39.5,10.2,706,117,40,11,001,000600,1
852,197,49,122385,33983,239545,96080,54.3,26.5,460,109,26,11,001,000600,2
753,184,53,118513,40787,111098,110046,38.1,6.9,381,82,24,11,001,000600,3
1897,296,129,93859,17268,179861,118800,51.1,6.0,827,116,45,11,001,000600,4
1261,293,74,59559,20832,62985,12112,33.4,5.0,854,178,45,11,001,000701,1
1388,384,65,66728,14059,62018,21573,40.6,7.6,1082,166,50,11,001,000701,2
1614,319,88,106066,22262,111250,22579,64.0,6.6,1150,168,64,11,001,000701,3
982,299,52,64834,17141,82868,82214,43.4,19.9,634,140,33,11,001,000701,4
1409,282,85,59915,8224,89800,13080,31.2,3.8,894,149,54,11,001,000702,1
908,233,50,37730,9883,51477,4271,27.4,3.2,844,161,42,11,001,000702,2
999,317,50,68316,9849,100028,30290,29.3,4.0,702,146,36,11,001,000702,3
2150,345,115,71795,15158,77214,31099,41.8,6.4,1395,173,75,11,001,000801,1
815,220,53,196577,86562,250001,-333333333,46.7,10.9,314,93,19,11,001,000801,2
2478,539,137,116928,33851,196161,49988,43.9,13.0,998,151,55,11,001,000801,3
1132,447,118,50702,20446,null,null,28.4,9.8,318,107,16,11,001,000801,4
1880,247,169,78157,15066,82621,14851,35.0,3.6,974,76,88,11,001,000802,1
1273,281,96,68751,24175,140556,64372,36.4,9.4,477,72,39,11,001,000802,2
1551,227,159,84072,12718,199028,50631,41.9,4.3,523,61,53,11,001,000901,1
1688,296,153,166751,37992,230972,65527,54.4,6.5,669,69,64,11,001,000901,2
4551,765,519,36019,9268,241528,43778,19.9,0.3,441,69,43,11,001,000901,3
888,181,136,169238,80126,212500,26982,44.4,4.1,349,45,53,11,001,000902,1
1567,171,242,84464,11026,192039,24488,42.0,3.1,550,42,87,11,001,000902,2
935,303,55,54430,12236,136974,30589,39.4,6.9,314,67,19,11,001,001001,1
1941,299,119,65931,9394,136012,24064,44.2,5.3,896,120,53,11,001,001001,2
1168,184,76,83374,13674,250001,-333333333,45.1,3.7,415,58,26,11,001,001001,3
1904,377,146,65355,17390,180893,37373,31.4,7.1,542,106,31,11,001,001001,4
801,227,45,58409,19359,132333,51495,37.8,6.8,244,56,16,11,001,001001,5
1145,253,64,76685,15811,159375,47587,53.1,4.3,438,79,25,11,001,001001,6
1262,405,62,22362,11775,null,null,21.4,0.7,780,150,35,11,001,001002,1
1307,273,81,85715,26035,92198,18586,32.1,6.5,921,125,53,11,001,001002,2
928,255,55,66548,11797,130144,47025,37.4,15.7,475,103,25,11,001,001002,3
1986,291,117,107651,27790,142206,37735,50.2,6.0,927,104,58,11,001,001100,1
1317,263,98,87499,24660,137308,63074,48.0,9.3,737,116,41,11,001,001100,2
760,189,48,90763,24457,237578,187719,37.4,9.5,297,62,20,11,001,001100,3
754,204,48,67523,13293,164226,66065,39.3,8.9,299,59,19,11,001,001100,4
1825,279,112,67835,8411,82685,4804,37.2,5.5,1024,133,63,11,001,001200,1
944,300,50,75312,14974,94857,35316,31.3,17.2,650,139,30,11,001,001200,2
734,226,46,97798,34025,151324,74299,32.5,21.1,272,64,18,11,001,001200,3
1405,297,79,89477,20054,149625,43192,41.2,9.3,672,104,37,11,001,001200,4
1771,349,80,94196,23046,129829,2134,30.9,4.4,832,126,42,11,001,001301,1
677,226,42,129682,35957,236705,58675,53.5,8.8,356,110,18,11,001,001301,2
1568,372,96,91435,22289,103182,27651,32.9,3.3,886,133,53,11,001,001301,3
2409,385,93,70573,13628,92345,16073,49.8,9.8,1578,187,61,11,001,001302,1
4549,543,158,87960,16855,102976,30545,32.9,3.5,3156,270,107,11,001,001302,2
633,266,27,72073,36394,118107,57143,31.6,14.5,536,184,18,11,001,001302,3
2209,198,219,84934,16015,96534,12407,38.5,2.4,1082,50,106,11,001,001401,1
1160,176,137,93266,17982,214063,45521,42.4,4.5,430,49,44,11,001,001401,2
884,170,93,88880,19482,173092,72422,45.5,3.8,353,59,37,11,001,001402,1
887,158,86,121628,27737,152778,123094,43.5,20.8,486,74,43,11,001,001402,2
1557,316,120,65021,21934,79063,20261,35.3,7.2,707,87,61,11,001,001402,3
1654,510,102,72036,9954,210714,51013,48.2,5.8,543,83,36,11,001,001500,1
1139,355,61,67713,16523,200815,35097,44.9,7.2,361,64,22,11,001,001500,2
937,288,99,76012,24609,198179,62317,55.0,22.2,314,84,17,11,001,001500,3
1645,395,99,77123,26535,167552,52872,42.8,11.9,609,82,40,11,001,001500,4
975,263,64,96753,26907,228672,64040,41.9,4.9,343,59,23,11,001,001500,5
1202,235,126,65589,10609,168068,47860,43.8,5.1,402,62,44,11,001,001600,1
612,167,62,58132,13119,140114,37432,44.9,10.5,336,63,29,11,001,001600,2
679,188,69,90606,27029,153036,73037,48.0,14.0,322,61,33,11,001,001600,3
1682,303,149,89251,16931,136607,56028,51.9,3.1,656,87,63,11,001,001600,4
1620,296,131,64821,13673,102305,27110,37.9,7.3,735,94,61,11,001,001702,1
1463,277,134,44904,5391,79250,12160,47.2,6.5,632,83,58,11,001,001702,2
1350,274,123,48245,13565,65750,22527,42.6,6.0,542,74,50,11,001,001803,1
2692,339,176,25173,5977,50911,12631,32.5,3.1,1112,88,84,11,001,001803,2
1091,308,67,35626,8727,42303,11513,47.5,13.7,629,125,35,11,001,001804,1
1832,626,100,21310,4799,60556,26472,36.5,4.9,610,146,37,11,001,001804,2
2696,635,124,21958,3204,41287,19696,30.9,1.6,1002,163,52,11,001,001804,3
1117,271,84,31050,9610,80428,33778,30.9,9.6,457,79,37,11,001,001901,1
987,329,88,41113,18221,68828,19745,37.7,12.7,448,81,41,11,001,001901,2
1095,279,105,33186,6622,76250,18041,42.5,14.6,479,87,44,11,001,001901,3
798,271,70,29597,7691,66250,22558,43.2,15.8,283,68,29,11,001,001901,4
1503,315,189,37284,6735,88264,15434,41.1,5.4,489,61,75,11,001,001902,1
834,161,95,41074,8473,88306,33693,43.6,8.0,377,56,48,11,001,001902,2
1435,288,169,22542,3934,41500,5069,36.8,9.0,578,60,76,11,001,002001,1
1413,218,171,66140,10755,139034,25723,49.7,5.1,494,58,66,11,001,002001,2
1074,337,87,47568,14890,99028,39700,42.2,7.8,358,68,32,11,001,002002,1
1528,509,123,30709,7923,45139,31627,38.4,9.3,667,104,46,11,001,002002,2
1309,302,120,48006,8425,100682,33115,44.9,2.8,454,83,43,11,001,002002,3
1563,468,61,27769,5934,53611,29158,42.6,14.4,657,144,29,11,001,002101,1
1053,406,43,28091,11439,56983,24636,38.8,6.5,535,129,22,11,001,002101,2
1228,390,57,31792,6518,63510,30704,38.7,14.7,490,129,26,11,001,002101,3
991,491,36,25420,13019,48281,19740,39.1,13.9,345,110,17,11,001,002101,4
1024,582,40,26342,23283,null,null,20.1,24.1,311,109,15,11,001,002101,5
727,261,66,51148,8053,81950,31145,39.6,6.3,363,72,36,11,001,002102,1
585,181,50,30726,7970,33571,10191,49.1,16.6,434,106,35,11,001,002102,2
1149,323,64,41940,14081,97964,39548,40.2,13.1,451,108,27,11,001,002102,3
1031,351,72,28647,7506,63333,19237,42.9,8.9,398,95,30,11,001,002102,4
726,237,56,39440,14187,64375,47358,37.6,12.9,300,93,22,11,001,002102,5
703,211,55,38848,12505,null,null,37.9,7.7,341,96,25,11,001,002102,6
1555,372,94,37377,10256,96823,22670,30.3,6.3,467,95,35,11,001,002201,1
1146,350,93,38115,16251,66622,14723,44.1,8.0,412,84,37,11,001,002201,2
1003,284,69,29624,9982,44844,23370,36.1,12.1,328,73,26,11,001,002201,3
1998,558,120,24860,7915,41974,10607,31.8,3.4,737,107,52,11,001,002202,1
1084,314,74,24913,9839,37813,33206,34.2,4.8,380,82,31,11,001,002202,2
892,288,81,31149,10882,67417,30181,33.9,11.2,356,85,29,11,001,002202,3
1624,286,133,41595,9995,106536,10631,36.0,5.4,459,71,48,11,001,002301,1
1596,258,156,40300,7428,73594,39850,41.2,6.3,737,73,74,11,001,002301,2
1711,235,173,39218,6633,59630,14245,43.5,10.4,1105,89,89,11,001,002302,1
589,163,65,46542,10022,85238,63437,44.3,9.0,339,66,32,11,001,002400,1
1317,296,105,43995,20332,93207,31095,41.1,5.4,425,68,38,11,001,002400,2
1046,228,80,41544,7644,130341,61099,31.8,6.0,350,64,26,11,001,002400,3
1305,320,118,34951,6618,104844,22380,33.9,4.3,363,68,38,11,001,002400,4
1138,322,73,21922,6615,20560,5086,39.3,12.2,566,88,39,11,001,002501,1
1510,278,164,51992,12656,87969,37267,39.2,6.4,500,70,51,11,001,002501,2
1037,359,51,62580,42900,52917,47945,35.7,3.4,525,131,28,11,001,002502,1
1770,529,70,38233,11475,63094,22129,30.7,3.8,717,165,34,11,001,002502,2
1308,831,54,29804,9783,129583,77360,32.6,4.8,352,106,20,11,001,002502,3
1737,522,77,38858,10007,64500,22550,35.5,3.0,946,151,44,11,001,002502,4
1161,179,157,69757,14382,104292,23498,42.9,5.0,522,59,71,11,001,002600,1
1412,186,213,76575,11363,177083,50426,49.0,3.0,524,56,82,11,001,002600,2
786,333,38,52477,11746,85116,47093,35.9,13.7,451,163,19,11,001,002701,1
1553,329,124,60211,7893,94132,17471,36.1,6.5,788,141,53,11,001,002701,2
1018,250,60,64619,9733,166742,65778,34.6,12.0,362,70,25,11,001,002701,3
2071,489,70,22598,8593,30363,16541,30.7,2.1,1278,152,51,11,001,002701,4
1635,487,70,34686,10418,53974,15830,30.9,4.7,756,160,37,11,001,002702,1
2713,442,169,59237,10195,137685,38210,31.8,3.1,1067,121,65,11,001,002702,2
1952,363,92,50019,11699,95905,21948,34.7,6.6,622,105,38,11,001,002702,3
1237,262,109,38461,5821,61500,14340,35.1,4.6,742,117,65,11,001,002801,1
2796,424,208,19855,2919,41655,14167,29.7,1.7,1127,127,79,11,001,002801,2
2661,381,184,34966,3980,55341,8239,31.3,1.7,1286,122,93,11,001,002802,1
2089,452,143,26196,6526,42838,7849,30.2,2.2,844,102,69,11,001,002802,2
2113,335,191,39812,4809,78792,12237,31.3,2.2,838,94,81,11,001,002900,1
2454,347,225,48649,7385,100139,21789,30.1,2.3,874,86,84,11,001,002900,2
1614,289,152,52326,9301,92569,11890,30.7,3.3,802,94,80,11,001,003000,1
1920,345,133,27883,6462,41042,12083,27.9,1.7,761,95,64,11,001,003000,2
3350,406,234,37455,7245,81356,13121,33.4,3.4,1312,50,104,11,001,003100,1
1015,342,73,35766,10249,125625,101783,40.6,11.7,312,75,24,11,001,003200,1
1015,327,63,29335,8080,42479,29095,32.2,2.5,528,118,34,11,001,003200,2
1572,449,109,39668,10852,95000,74399,34.5,2.9,605,110,41,11,001,003200,3
1395,464,112,32649,9350,90313,12272,29.9,3.9,461,98,42,11,001,003200,4
1417,324,114,49718,8060,113750,66618,31.4,3.2,490,79,45,11,001,003301,1
1234,307,92,61909,10668,89028,57753,29.5,1.0,530,95,43,11,001,003301,2
968,194,82,78333,13337,115042,32494,35.5,3.1,594,100,50,11,001,003301,3
1219,189,160,48390,7466,107589,19923,32.1,2.9,530,56,74,11,001,003302,1
1119,173,158,58235,7906,135481,37828,33.0,4.3,479,56,72,11,001,003302,2
1522,349,144,26245,8817,28657,24093,30.0,6.7,515,98,36,11,001,003400,1
3194,452,339,26045,6068,108750,35058,20.6,0.7,929,107,64,11,001,003400,2
2104,445,198,35113,7991,92396,18696,30.1,2.4,680,67,78,11,001,003500,1
3499,368,414,12921,1889,33971,15771,21.7,0.2,551,77,68,11,001,003500,2
1686,411,82,68198,9354,125025,27008,32.6,2.1,824,165,41,11,001,003600,1
1522,409,90,43359,17188,58472,19449,31.8,3.4,767,162,37,11,001,003600,2
1828,504,80,43897,14804,65521,40257,31.7,4.6,681,131,33,11,001,003600,3
1811,393,78,48527,10752,114162,33095,30.1,2.2,737,131,37,11,001,003700,1
2310,573,126,29543,7985,46875,11501,26.7,4.0,1053,154,54,11,001,003700,2
1739,451,79,45888,13790,72179,35608,35.3,6.1,922,134,48,11,001,003700,3
2396,461,119,60857,11302,118750,24356,31.9,1.9,1140,157,58,11,001,003800,1
1732,294,92,78505,14047,92604,12820,34.5,1.5,1155,153,60,11,001,003800,2
841,199,38,32550,8643,33205,11310,43.2,13.3,540,129,26,11,001,003800,3
1334,251,71,53746,7028,86818,11076,31.9,2.9,898,140,48,11,001,003900,1
1178,305,68,66314,15665,90080,25202,37.3,7.2,677,137,37,11,001,003900,2
1161,226,78,67144,10742,88419,28764,30.4,1.4,773,125,43,11,001,003900,3
819,232,47,71358,12202,113983,21220,36.0,6.6,560,120,29,11,001,003900,4
1741,497,85,71525,15579,91908,46956,28.5,5.4,799,109,45,11,001,004001,1
503,132,37,131579,28769,143068,45442,52.4,17.8,398,73,29,11,001,004001,2
1876,280,98,80806,11759,103825,18724,38.8,3.0,1180,131,62,11,001,004001,3
729,242,62,65786,7775,83875,11855,34.3,2.4,427,84,38,11,001,004002,1
1609,189,171,75151,12373,103813,13706,36.4,2.7,1000,90,106,11,001,004002,2
660,149,71,66932,11242,83229,13123,33.0,6.1,498,78,51,11,001,004002,3
1314,193,124,106119,21326,120804,24558,43.4,4.1,918,94,84,11,001,004100,1
729,142,69,71647,15942,92364,40941,36.8,1.5,444,73,37,11,001,004100,2
716,205,81,126516,45846,185714,55890,55.3,13.7,348,64,40,11,001,004100,3
1507,233,92,67244,8052,80313,10513,32.4,2.8,989,112,64,11,001,004201,1
2118,304,133,88676,20083,114554,28387,31.5,2.5,1128,106,74,11,001,004201,2
1305,180,147,102157,25497,122188,41168,31.7,1.3,884,99,83,11,001,004202,1
1330,173,142,79874,12979,87188,25739,32.0,1.2,1007,95,94,11,001,004202,2
2118,271,147,57888,7971,78073,12007,34.6,3.1,1268,112,96,11,001,004300,1
1602,323,90,62522,10363,87434,43389,35.1,7.6,859,105,51,11,001,004300,2
3495,357,198,84049,10165,149475,13344,33.4,2.0,1879,166,112,11,001,004400,1
2207,464,129,86259,21707,134939,48643,30.9,2.3,854,143,51,11,001,004400,2
1036,272,68,47157,13527,null,null,33.5,4.8,479,95,34,11,001,004600,1
1911,301,140,45340,10089,70000,31624,31.8,3.0,928,94,75,11,001,004600,2
1536,559,43,15916,8779,18366,2186,26.5,18.8,608,123,21,11,001,004701,1
2942,526,130,43790,10411,42361,18487,30.7,2.2,1864,128,83,11,001,004701,2
2558,226,374,72154,9480,94688,14725,32.9,1.4,1457,56,202,11,001,004702,1
2223,284,205,53431,4805,103273,7835,37.3,2.6,1212,67,109,11,001,004801,1
1278,241,111,75605,12848,116607,33357,33.6,2.7,774,101,71,11,001,004802,1
2270,309,155,31297,5670,36595,8119,31.6,2.1,1039,100,74,11,001,004802,2
1342,250,156,26872,5470,30000,26010,30.3,1.2,589,80,68,11,001,004901,1
1258,269,186,59984,10741,114659,31505,33.9,3.1,601,77,90,11,001,004901,2
646,196,42,31790,9493,29286,18508,32.6,10.4,308,76,24,11,001,004902,1
2196,339,189,66140,9242,114600,14460,32.2,1.0,1229,97,116,11,001,004902,2
839,213,99,95736,17460,134659,21701,33.6,4.0,406,80,53,11,001,005001,1
1277,336,139,79059,23007,108438,53367,38.6,8.8,595,98,71,11,001,005001,2
1709,352,81,47923,9486,37465,12800,44.9,14.9,1167,175,56,11,001,005002,1
1965,348,105,88850,11085,112649,26142,33.9,2.9,1269,172,70,11,001,005002,2
1174,539,48,48822,20905,88947,23845,29.4,1.6,585,168,28,11,001,005002,3
1203,382,56,63067,28239,72160,8963,38.6,8.3,769,191,36,11,001,005002,4
2170,429,74,83066,17305,71573,11772,30.5,1.8,1738,264,57,11,001,005201,1
1378,391,51,100313,14622,132708,45078,32.0,4.3,949,199,34,11,001,005201,2
797,255,29,75492,16156,90852,34767,31.7,11.1,670,160,23,11,001,005201,3
1879,437,63,100017,27876,134550,29182,32.1,3.1,1116,211,42,11,001,005201,4
878,169,56,72132,19049,83929,49443,29.0,2.3,583,114,37,11,001,005301,1
1509,228,82,78244,10120,116667,16119,31.6,2.7,895,117,54,11,001,005301,2
1339,187,90,77910,12707,71359,11479,34.8,1.8,1170,141,65,11,001,005301,3
1273,256,70,90741,20923,100897,30610,31.6,2.4,1020,148,55,11,001,005301,4
723,332,30,79399,18552,107442,16715,36.0,9.4,523,181,17,11,001,005500,1
2613,520,76,114922,20877,140000,64849,36.3,3.0,1878,265,55,11,001,005500,2
1535,374,53,103878,80159,61964,41313,30.6,2.6,1192,199,40,11,001,005500,3
1098,300,67,43153,15349,52632,48170,35.1,6.6,751,205,21,11,001,005500,4
663,217,24,75482,32079,69808,43267,30.4,6.6,541,134,21,11,001,005500,5
2101,342,120,54139,13196,50538,8937,27.9,2.7,1573,191,79,11,001,005600,1
1684,232,138,111144,36515,106181,42920,65.1,6.6,1194,177,60,11,001,005600,2
1912,1095,136,31063,20769,83750,61102,21.8,3.1,734,206,33,11,001,005600,3
1267,353,92,75273,25903,126067,60237,35.1,9.0,720,184,31,11,001,005600,4
1000,190,106,115913,15831,136375,15826,42.8,3.8,1061,130,93,11,001,005800,1
1781,312,195,90803,20299,111023,16077,38.0,3.1,1198,105,121,11,001,005800,2
2882,299,289,57361,5628,99330,13327,28.5,1.0,1624,51,150,11,001,005900,1
117,94,null,58019,45977,-666666666,-222222222,24.8,13.1,54,56,null,11,001,006202,1
1256,238,107,22174,5753,21806,7980,42.7,12.1,697,76,66,11,001,006400,1
874,224,84,17179,6839,23565,9503,29.4,5.2,513,75,49,11,001,006400,2
875,156,94,69558,14576,82153,16018,32.1,1.3,698,93,62,11,001,006500,1
1708,313,160,79793,10379,165000,37048,32.8,3.7,793,95,82,11,001,006500,2
1904,208,209,92827,14887,143485,14771,39.2,3.1,1112,60,109,11,001,006600,1
1406,198,126,71868,11900,128289,16216,38.8,2.9,602,67,58,11,001,006700,1
1425,213,135,81327,9313,138843,35053,37.9,3.3,653,75,64,11,001,006700,2
1382,214,125,99772,18488,140833,19745,40.1,2.5,673,99,63,11,001,006700,3
1369,173,188,45661,7856,75820,10539,38.0,5.4,652,58,100,11,001,006801,1
648,179,96,50538,13365,74375,21837,34.0,4.5,314,51,52,11,001,006801,2
911,164,132,56993,9193,123125,17115,35.7,2.2,433,62,63,11,001,006802,1
1431,202,216,53115,8289,104107,13980,37.3,3.7,622,56,98,11,001,006802,2
2949,251,null,4691,1188,-666666666,-222222222,35.0,3.5,4,6,null,11,001,006804,1
1447,174,135,69618,7969,77424,39429,41.7,3.5,955,60,82,11,001,006900,1
734,161,82,76001,12014,159250,55218,39.6,3.8,296,50,30,11,001,006900,2
1367,275,121,78617,13119,134722,22780,33.6,3.2,706,77,67,11,001,007000,1
1427,335,155,54985,14151,95625,25463,29.0,4.5,549,79,49,11,001,007000,2
674,378,41,36274,20763,57446,23359,27.6,8.4,281,76,22,11,001,007100,1
2390,382,181,44555,8389,74559,21140,32.8,1.6,1111,76,91,11,001,007100,2
3358,332,296,66166,6397,116700,10298,30.2,1.6,1770,98,171,11,001,007200,1
1226,467,111,57954,25227,55000,20069,32.2,10.7,666,94,68,11,001,007200,2
4002,392,410,28639,3705,75625,11531,23.0,1.6,1273,68,116,11,001,007301,1
2415,382,191,15685,3454,26587,10764,28.9,8.7,873,84,69,11,001,007304,1
803,234,63,19932,8215,37986,17569,37.6,9.0,360,69,30,11,001,007304,2
296,151,23,23886,6444,null,null,44.4,16.5,197,58,15,11,001,007304,3
1355,211,138,10386,2516,14836,2054,29.2,4.2,563,58,61,11,001,007401,1
1098,180,127,8410,2223,15833,6787,24.9,4.8,522,62,62,11,001,007401,2
3500,371,194,13191,2016,31399,2491,25.5,2.2,1183,36,77,11,001,007403,1
2414,461,116,16586,7886,25000,9223,21.9,5.6,884,131,49,11,001,007404,1
1076,473,48,15306,8011,49519,19020,25.5,5.1,312,88,18,11,001,007404,2
305,209,16,14695,8454,27750,22753,19.8,26.2,248,92,16,11,001,007404,3
2368,482,124,14047,2692,44804,4161,25.2,3.1,720,90,46,11,001,007406,1
693,247,54,9760,3430,14329,3749,25.4,3.8,414,83,34,11,001,007406,2
868,224,63,16129,4246,34286,17421,42.2,16.8,365,77,28,11,001,007407,1
1866,309,141,23429,5725,34583,12794,30.5,5.9,1015,87,77,11,001,007407,2
3548,454,328,11340,2219,22353,4557,29.8,3.4,1304,41,105,11,001,007408,1
938,297,52,15222,3403,34816,8991,40.5,12.2,497,100,33,11,001,007409,1
1222,332,83,19990,6231,null,null,27.6,7.1,514,97,41,11,001,007409,2
1642,367,89,14419,3856,34135,9723,25.5,4.3,629,92,39,11,001,007409,3
3457,611,187,19346,9797,28994,9022,27.5,7.8,1113,141,65,11,001,007502,1
1904,455,121,16149,4665,16789,12113,34.3,3.5,894,144,65,11,001,007502,2
707,187,85,24399,7186,35750,19439,37.5,7.5,351,64,48,11,001,007503,1
1987,320,205,10551,1930,21563,5301,20.7,3.4,732,67,88,11,001,007503,2
2780,341,203,15411,4123,17159,2948,28.2,5.7,1365,41,100,11,001,007504,1
822,330,40,26727,10849,36520,6971,37.6,10.3,565,142,27,11,001,007601,1
352,112,26,37894,11531,null,null,63.0,12.5,260,75,20,11,001,007601,2
1664,492,102,27795,9226,40848,14611,46.2,7.8,669,123,42,11,001,007601,3
753,304,42,16907,4913,26061,9670,31.5,9.5,494,133,28,11,001,007601,4
591,298,34,23850,7353,null,null,45.2,6.9,374,113,23,11,001,007601,5]]